143 287 59 12 301 199 84 276 5 233
91 44 167 203 118 294 72 16 258 37
149 221 63 108 275 14 187 53 241 97
3 132 289 68 215 124 178 260 46 155
27 205 111 249 81 296 35 170 142 219
102 57 263 11 193 85 273 24 238 66
159 214 49 126 284 7 176 93 252 139
32 201 116 267 78 292 41 164 229 104
61 256 19 183 90 280 29 245 73 147
222 55 130 271 9 195 87 234 121 300
38 168 210 64 153 265 22 188 98 248
75 136 223 51 113 286 13 179 95 254
144 28 206 69 162 297 43 128 231 101
58 259 18 191 83 277 31 243 71 151
217 47 134 269 6 185 92 236 120 299
40 173 208 65 157 262 21 196 100 250